10 
99
0 1 50.072 56.444
0 2 1.512 89.230
0 3 43.815 86.658
0 4 3.311 85.023
0 5 62.292 62.408
0 6 56.723 74.675
0 7 10.827 4.615
0 8 63.671 38.080
0 9 73.027 84.229
1 2 96.279 42.799
1 3 55.498 92.464
1 4 1.523 96.600
1 5 67.326 28.396
1 6 25.956 23.879
1 7 27.472 60.961
1 8 99.462 18.664
1 9 43.784 33.315
2 3 16.808 30.812
2 4 23.414 93.164
2 5 7.129 7.444
2 6 52.095 77.518
2 7 73.150 28.754
2 8 6.663 47.794
2 9 29.087 34.483
3 4 5.254 83.497
3 5 85.866 7.423
3 6 33.040 73.770
3 7 19.167 78.697
3 8 19.140 31.814
3 9 99.709 46.647
4 5 45.200 0.911
4 6 66.351 36.265
4 7 54.758 91.641
4 8 17.041 89.188
4 9 64.479 25.616
5 6 88.625 2.688
5 7 63.009 8.709
5 8 52.406 3.577
5 9 31.173 14.497
6 7 12.552 70.131
6 8 52.870 12.823
6 9 82.481 2.003
7 8 4.576 19.550
7 9 15.580 5.540
8 9 23.381 33.102
