20 
99
0 1 94.699 92.554
0 2 13.830 18.638
0 3 98.053 63.270
0 4 63.910 35.077
0 5 14.113 76.133
0 6 5.208 40.082
0 7 79.510 11.084
0 8 66.009 39.707
0 9 3.216 84.757
0 10 81.400 44.189
0 11 34.750 13.034
0 12 16.381 80.040
0 13 97.282 6.192
0 14 42.632 92.901
0 15 88.339 8.727
0 16 21.786 37.481
0 17 41.500 96.814
0 18 26.700 80.739
0 19 70.155 39.419
1 2 39.912 73.589
1 3 34.401 7.656
1 4 26.673 63.270
1 5 96.187 48.557
1 6 99.768 7.361
1 7 9.056 23.227
1 8 91.185 74.845
1 9 45.787 67.947
1 10 92.395 68.018
1 11 52.242 32.177
1 12 28.160 38.665
1 13 14.452 62.964
1 14 74.402 22.974
1 15 54.615 72.135
1 16 51.491 98.280
1 17 97.096 44.999
1 18 31.718 10.105
1 19 16.293 45.667
2 3 35.941 84.348
2 4 47.002 14.824
2 5 26.218 41.247
2 6 27.492 19.851
2 7 97.767 87.698
2 8 46.252 58.639
2 9 92.226 45.026
2 10 92.914 55.523
2 11 77.502 58.666
2 12 6.251 18.121
2 13 82.146 60.722
2 14 97.869 89.419
2 15 89.556 37.143
2 16 26.235 18.856
2 17 14.444 79.488
2 18 91.345 29.265
2 19 8.674 40.550
3 4 29.517 24.293
3 5 6.382 81.649
3 6 46.538 90.284
3 7 83.021 10.050
3 8 12.330 54.829
3 9 35.240 46.443
3 10 46.724 24.040
3 11 56.066 88.772
3 12 32.047 69.083
3 13 41.079 79.816
3 14 30.748 5.544
3 15 78.658 3.685
3 16 15.239 53.436
3 17 51.329 84.213
3 18 94.360 67.967
3 19 50.937 43.477
4 5 37.074 52.546
4 6 83.291 34.746
4 7 31.704 39.710
4 8 99.231 44.906
4 9 44.260 62.452
4 10 1.974 73.721
4 11 49.220 61.465
4 12 40.879 71.742
4 13 22.926 39.794
4 14 16.901 73.834
4 15 92.464 57.584
4 16 93.700 75.555
4 17 52.201 67.266
4 18 6.207 53.329
4 19 29.245 12.864
5 6 21.734 46.689
5 7 57.627 42.954
5 8 47.042 3.169
5 9 28.574 36.001
5 10 3.220 23.860
5 11 12.577 32.744
5 12 88.624 79.430
5 13 29.973 7.400
5 14 84.503 50.847
5 15 25.636 35.426
5 16 96.403 66.453
5 17 37.350 48.576
5 18 92.644 10.273
5 19 77.961 16.524
6 7 49.758 85.965
6 8 27.015 48.286
6 9 65.901 84.014
6 10 34.065 31.577
6 11 26.248 19.972
6 12 95.099 2.774
6 13 38.912 58.271
6 14 16.904 57.682
6 15 41.905 24.878
6 16 4.514 30.569
6 17 68.953 31.027
6 18 30.419 89.501
6 19 25.863 99.949
7 8 77.788 81.522
7 9 89.856 28.407
7 10 36.923 99.860
7 11 0.845 32.394
7 12 92.464 35.519
7 13 29.423 52.288
7 14 74.239 92.483
7 15 1.671 8.858
7 16 92.292 50.900
7 17 65.138 1.343
7 18 82.591 18.943
7 19 77.970 71.653
8 9 56.510 41.404
8 10 64.100 81.964
8 11 63.008 20.486
8 12 80.709 99.602
8 13 38.100 28.817
8 14 17.330 13.504
8 15 23.636 67.963
8 16 57.286 88.097
8 17 98.400 71.459
8 18 27.533 87.826
8 19 91.018 61.243
9 10 56.874 47.611
9 11 6.014 53.555
9 12 58.214 30.940
9 13 90.955 18.778
9 14 45.638 83.091
9 15 49.356 22.890
9 16 69.422 29.178
9 17 92.780 67.553
9 18 78.345 54.002
9 19 60.492 45.746
10 11 80.113 24.106
10 12 57.447 0.975
10 13 11.618 9.031
10 14 35.116 44.220
10 15 53.808 97.210
10 16 9.223 37.218
10 17 24.915 84.493
10 18 13.644 18.859
10 19 82.827 58.135
11 12 74.169 16.523
11 13 87.010 77.986
11 14 88.270 71.062
11 15 66.431 78.656
11 16 81.715 23.696
11 17 11.527 4.138
11 18 81.109 9.327
11 19 32.887 90.070
12 13 95.999 26.236
12 14 57.140 40.927
12 15 46.086 7.362
12 16 7.093 41.405
12 17 7.122 93.230
12 18 70.582 70.731
12 19 36.849 67.251
13 14 51.246 47.821
13 15 83.602 37.843
13 16 30.215 45.625
13 17 8.776 49.222
13 18 1.770 43.433
13 19 97.909 68.192
14 15 70.319 76.279
14 16 57.270 63.279
14 17 30.135 39.356
14 18 25.687 38.649
14 19 48.937 99.031
15 16 55.920 89.913
15 17 52.088 6.367
15 18 99.590 51.595
15 19 37.427 42.189
16 17 78.294 69.833
16 18 63.950 78.039
16 19 55.637 72.473
17 18 58.689 97.280
17 19 83.396 47.773
18 19 53.713 42.269
