50 
99
0 1 57.985 18.543
0 2 89.973 88.373
0 3 12.293 26.839
0 4 44.347 70.399
0 5 21.500 35.302
0 6 73.709 14.884
0 7 76.214 79.594
0 8 14.036 43.321
0 9 37.785 71.504
0 10 85.703 90.382
0 11 9.838 88.921
0 12 93.892 27.059
0 13 51.180 4.699
0 14 54.258 46.681
0 15 12.259 59.408
0 16 25.581 15.952
0 17 38.497 1.455
0 18 31.508 47.473
0 19 64.265 52.473
0 20 31.875 94.258
0 21 48.160 51.648
0 22 49.896 95.401
0 23 11.173 63.356
0 24 3.187 53.062
0 25 10.254 63.343
0 26 25.935 1.301
0 27 17.374 18.407
0 28 21.276 98.800
0 29 29.687 34.367
0 30 16.667 94.648
0 31 96.193 0.041
0 32 67.780 58.604
0 33 50.953 3.061
0 34 72.590 35.980
0 35 2.415 96.689
0 36 73.093 28.383
0 37 74.380 58.776
0 38 59.799 90.839
0 39 37.840 22.827
0 40 79.868 23.198
0 41 54.826 64.671
0 42 80.649 59.047
0 43 43.976 76.456
0 44 89.123 97.507
0 45 37.088 93.993
0 46 99.700 39.996
0 47 66.986 72.780
0 48 11.787 71.727
0 49 13.811 96.087
1 2 30.971 65.725
1 3 12.689 68.829
1 4 72.004 97.300
1 5 38.466 3.416
1 6 32.889 94.235
1 7 67.552 83.291
1 8 37.388 90.203
1 9 92.684 13.103
1 10 93.716 94.722
1 11 67.963 85.591
1 12 97.479 68.200
1 13 22.338 62.180
1 14 52.998 31.954
1 15 1.120 95.826
1 16 26.950 0.347
1 17 28.029 71.670
1 18 94.324 72.447
1 19 96.352 75.325
1 20 21.979 93.639
1 21 33.305 2.467
1 22 35.808 87.965
1 23 20.239 80.099
1 24 88.420 8.878
1 25 38.107 69.494
1 26 49.965 39.345
1 27 10.293 95.589
1 28 96.841 70.624
1 29 28.285 79.293
1 30 53.515 16.360
1 31 20.572 27.375
1 32 36.239 33.336
1 33 16.612 7.249
1 34 96.845 34.464
1 35 37.169 27.951
1 36 1.673 60.385
1 37 44.638 68.112
1 38 64.057 72.761
1 39 89.963 0.059
1 40 20.286 97.790
1 41 51.357 46.298
1 42 30.627 11.424
1 43 18.930 73.466
1 44 7.494 7.615
1 45 11.540 37.987
1 46 29.784 34.430
1 47 74.403 98.054
1 48 98.061 50.660
1 49 52.246 81.241
2 3 60.329 76.958
2 4 46.592 78.470
2 5 20.423 73.712
2 6 30.939 88.507
2 7 81.955 66.224
2 8 10.907 44.416
2 9 47.081 80.586
2 10 12.017 87.697
2 11 52.031 67.628
2 12 28.986 65.280
2 13 11.640 86.031
2 14 22.984 48.749
2 15 24.158 66.426
2 16 3.760 26.049
2 17 98.219 18.752
2 18 45.533 43.970
2 19 57.840 29.866
2 20 30.217 44.069
2 21 13.994 3.492
2 22 78.851 54.037
2 23 27.492 4.974
2 24 97.384 93.068
2 25 9.848 4.758
2 26 82.695 37.593
2 27 36.655 33.044
2 28 75.444 88.960
2 29 20.332 7.704
2 30 90.677 57.165
2 31 62.171 90.328
2 32 64.993 14.639
2 33 32.105 77.334
2 34 22.064 40.761
2 35 27.991 35.168
2 36 55.189 63.335
2 37 0.612 57.110
2 38 83.408 27.543
2 39 41.680 89.231
2 40 81.338 45.734
2 41 87.699 55.936
2 42 55.056 11.990
2 43 95.464 48.465
2 44 54.487 90.409
2 45 9.640 9.708
2 46 69.395 66.602
2 47 73.895 19.609
2 48 5.735 77.287
2 49 36.557 95.598
3 4 67.672 3.730
3 5 25.044 61.316
3 6 69.853 46.763
3 7 29.594 66.108
3 8 24.743 93.903
3 9 84.435 18.662
3 10 89.967 80.536
3 11 15.370 64.181
3 12 28.060 8.711
3 13 28.792 2.812
3 14 47.274 66.957
3 15 45.116 5.469
3 16 88.565 17.982
3 17 57.470 98.246
3 18 73.736 40.874
3 19 40.578 60.381
3 20 12.714 21.288
3 21 1.335 38.748
3 22 28.616 94.307
3 23 90.552 48.045
3 24 31.628 48.862
3 25 8.872 25.478
3 26 88.498 28.942
3 27 41.109 91.819
3 28 7.833 44.810
3 29 35.211 42.794
3 30 90.729 45.115
3 31 58.467 2.737
3 32 5.696 36.565
3 33 67.632 95.156
3 34 4.830 80.439
3 35 51.607 33.426
3 36 16.637 13.204
3 37 52.931 66.597
3 38 39.735 49.532
3 39 46.709 90.333
3 40 38.371 97.510
3 41 61.791 13.748
3 42 68.919 54.961
3 43 28.683 47.497
3 44 95.746 0.247
3 45 76.667 1.223
3 46 8.911 1.296
3 47 80.471 34.265
3 48 19.245 42.397
3 49 17.589 92.572
4 5 63.203 0.146
4 6 53.962 15.997
4 7 93.645 60.437
4 8 86.634 13.988
4 9 0.541 20.291
4 10 37.539 6.290
4 11 70.766 53.985
4 12 82.152 67.889
4 13 52.475 53.851
4 14 32.042 19.882
4 15 36.176 66.126
4 16 53.889 28.130
4 17 80.504 15.528
4 18 32.167 73.545
4 19 58.968 98.541
4 20 93.979 7.668
4 21 59.654 10.095
4 22 9.006 55.718
4 23 43.043 53.609
4 24 48.725 48.071
4 25 7.290 72.253
4 26 48.559 61.849
4 27 86.539 53.072
4 28 78.803 88.092
4 29 49.744 30.298
4 30 80.977 78.178
4 31 3.786 66.489
4 32 23.721 32.129
4 33 48.026 55.147
4 34 70.753 93.576
4 35 1.534 49.187
4 36 39.366 22.698
4 37 47.925 76.913
4 38 26.562 46.272
4 39 47.614 40.185
4 40 96.883 64.327
4 41 48.588 16.736
4 42 19.158 13.617
4 43 11.767 19.964
4 44 53.665 9.370
4 45 46.102 24.785
4 46 59.707 49.764
4 47 94.386 83.806
4 48 96.299 31.990
4 49 47.353 74.132
5 6 91.101 25.508
5 7 68.024 91.134
5 8 30.445 48.142
5 9 90.017 63.885
5 10 82.177 12.595
5 11 66.466 74.707
5 12 52.491 57.565
5 13 98.458 89.175
5 14 90.939 52.709
5 15 83.999 76.283
5 16 41.608 45.550
5 17 40.035 49.814
5 18 61.108 41.526
5 19 58.824 74.861
5 20 65.022 5.085
5 21 71.516 38.651
5 22 81.309 49.583
5 23 64.301 18.046
5 24 51.045 57.422
5 25 24.303 12.755
5 26 75.744 72.908
5 27 48.747 12.539
5 28 72.617 93.696
5 29 8.173 36.348
5 30 57.635 73.851
5 31 54.502 84.240
5 32 71.909 94.874
5 33 98.881 5.002
5 34 50.414 87.322
5 35 83.916 19.650
5 36 91.265 25.541
5 37 33.486 82.933
5 38 41.654 95.070
5 39 12.056 54.444
5 40 63.696 46.667
5 41 9.505 66.195
5 42 28.373 15.248
5 43 77.924 80.968
5 44 44.045 43.542
5 45 25.985 25.606
5 46 79.300 36.742
5 47 54.177 16.898
5 48 18.110 5.585
5 49 15.382 25.482
6 7 50.559 70.900
6 8 12.459 95.742
6 9 52.580 70.430
6 10 46.835 83.870
6 11 23.213 83.818
6 12 51.584 74.643
6 13 58.984 83.722
6 14 28.159 87.397
6 15 10.558 72.207
6 16 38.090 80.862
6 17 18.965 89.481
6 18 40.564 4.034
6 19 87.295 57.990
6 20 93.878 11.821
6 21 35.767 58.709
6 22 68.050 89.356
6 23 33.697 58.933
6 24 57.206 89.207
6 25 49.041 86.599
6 26 83.575 5.762
6 27 10.264 1.767
6 28 20.529 48.677
6 29 2.391 32.783
6 30 28.579 92.716
6 31 97.140 50.925
6 32 2.075 29.808
6 33 78.268 19.480
6 34 0.745 1.576
6 35 41.189 18.793
6 36 63.279 46.610
6 37 96.448 43.527
6 38 70.665 42.427
6 39 26.579 80.374
6 40 4.748 86.253
6 41 48.162 5.157
6 42 89.389 98.209
6 43 22.361 72.533
6 44 3.034 75.166
6 45 28.093 36.476
6 46 25.370 74.640
6 47 37.131 1.754
6 48 44.235 40.195
6 49 85.395 61.611
7 8 5.981 66.527
7 9 93.286 24.750
7 10 78.890 62.464
7 11 72.777 51.504
7 12 92.151 6.600
7 13 14.697 38.179
7 14 33.756 12.415
7 15 56.746 24.523
7 16 32.236 23.561
7 17 58.285 32.119
7 18 63.363 36.090
7 19 29.912 90.768
7 20 42.604 29.566
7 21 5.152 33.407
7 22 90.015 4.950
7 23 35.370 99.977
7 24 19.295 51.779
7 25 85.082 72.469
7 26 25.649 55.724
7 27 74.252 57.745
7 28 55.864 77.891
7 29 45.248 91.336
7 30 3.853 85.366
7 31 95.778 1.282
7 32 53.135 80.532
7 33 85.739 28.276
7 34 93.226 8.060
7 35 71.876 42.187
7 36 87.507 46.954
7 37 99.975 80.820
7 38 42.746 4.659
7 39 13.476 85.192
7 40 79.058 6.538
7 41 89.323 42.741
7 42 79.756 88.538
7 43 29.024 32.024
7 44 1.754 9.380
7 45 78.835 9.403
7 46 13.037 53.061
7 47 34.249 24.118
7 48 18.304 25.459
7 49 84.200 20.166
8 9 32.606 38.146
8 10 11.071 15.948
8 11 11.159 32.199
8 12 40.891 59.780
8 13 86.987 1.053
8 14 97.830 18.547
8 15 63.232 8.156
8 16 65.522 87.072
8 17 71.512 11.083
8 18 35.277 14.885
8 19 36.486 62.745
8 20 20.079 96.754
8 21 88.435 47.963
8 22 76.196 42.128
8 23 5.414 16.045
8 24 94.270 99.238
8 25 74.656 16.764
8 26 10.616 38.654
8 27 93.477 57.295
8 28 9.439 89.006
8 29 50.094 10.531
8 30 18.316 83.872
8 31 0.541 35.030
8 32 35.501 71.956
8 33 80.018 49.033
8 34 67.461 42.838
8 35 69.605 51.074
8 36 96.532 38.376
8 37 83.247 95.800
8 38 45.870 0.674
8 39 78.371 81.876
8 40 91.483 43.469
8 41 86.941 41.486
8 42 39.950 24.042
8 43 9.092 12.492
8 44 36.554 25.736
8 45 78.920 46.862
8 46 0.356 67.162
8 47 24.168 6.859
8 48 83.495 94.218
8 49 10.025 78.701
9 10 69.380 53.611
9 11 57.247 72.397
9 12 95.168 45.087
9 13 9.200 1.245
9 14 29.899 37.241
9 15 45.888 16.157
9 16 72.431 67.091
9 17 88.139 25.775
9 18 20.585 14.566
9 19 24.615 82.764
9 20 71.151 73.979
9 21 92.741 53.724
9 22 18.094 30.233
9 23 90.584 44.501
9 24 54.610 53.103
9 25 90.511 25.774
9 26 50.363 54.701
9 27 19.370 92.886
9 28 24.846 99.773
9 29 10.957 45.269
9 30 38.761 76.343
9 31 44.489 54.468
9 32 11.117 78.481
9 33 18.775 41.684
9 34 58.389 58.201
9 35 70.454 51.132
9 36 16.024 17.535
9 37 4.017 84.443
9 38 46.088 7.203
9 39 3.327 3.781
9 40 62.233 75.250
9 41 90.378 33.341
9 42 10.942 38.801
9 43 57.333 12.464
9 44 84.127 48.764
9 45 83.690 72.665
9 46 58.522 72.215
9 47 51.733 24.997
9 48 77.279 59.744
9 49 25.170 82.333
10 11 65.492 67.686
10 12 97.048 36.442
10 13 29.618 45.964
10 14 94.504 40.980
10 15 32.406 73.209
10 16 18.209 5.665
10 17 99.462 57.012
10 18 72.070 32.967
10 19 17.575 85.349
10 20 67.972 10.681
10 21 0.704 18.858
10 22 18.905 83.974
10 23 4.869 75.189
10 24 83.162 87.880
10 25 93.080 30.299
10 26 88.395 59.518
10 27 63.886 40.430
10 28 71.445 8.657
10 29 68.513 16.681
10 30 12.995 10.946
10 31 21.328 13.879
10 32 21.106 93.244
10 33 93.497 16.637
10 34 83.899 20.187
10 35 65.098 59.662
10 36 78.831 37.295
10 37 82.703 30.164
10 38 91.433 98.233
10 39 84.362 68.857
10 40 63.819 27.524
10 41 22.514 65.046
10 42 74.779 71.651
10 43 63.543 10.389
10 44 65.669 17.532
10 45 81.121 96.797
10 46 95.687 66.427
10 47 91.531 98.044
10 48 68.452 44.500
10 49 18.016 94.462
11 12 92.023 33.940
11 13 23.925 96.140
11 14 38.492 4.348
11 15 6.636 77.015
11 16 49.683 58.951
11 17 80.956 15.276
11 18 4.629 85.848
11 19 99.077 99.278
11 20 63.016 56.677
11 21 61.410 55.909
11 22 12.585 40.785
11 23 37.249 15.709
11 24 77.889 84.380
11 25 33.097 58.086
11 26 79.628 74.727
11 27 21.426 6.872
11 28 18.859 36.555
11 29 8.138 80.867
11 30 0.337 55.993
11 31 42.270 5.502
11 32 79.224 78.635
11 33 82.479 62.182
11 34 22.194 17.354
11 35 45.545 9.611
11 36 3.908 33.908
11 37 66.543 70.723
11 38 16.991 34.957
11 39 45.333 56.412
11 40 64.551 97.944
11 41 57.736 4.785
11 42 85.627 76.475
11 43 62.665 94.445
11 44 33.133 80.219
11 45 97.809 65.084
11 46 80.359 76.401
11 47 84.599 8.786
11 48 84.758 95.498
11 49 83.865 12.564
12 13 36.821 18.502
12 14 48.817 21.509
12 15 0.316 65.132
12 16 39.862 39.830
12 17 15.022 63.222
12 18 52.073 14.745
12 19 42.835 26.452
12 20 28.871 84.853
12 21 4.641 12.770
12 22 43.350 80.907
12 23 12.211 16.059
12 24 8.118 21.649
12 25 82.057 67.816
12 26 14.274 99.395
12 27 63.145 77.715
12 28 48.631 84.005
12 29 60.752 86.996
12 30 54.964 72.893
12 31 90.375 24.649
12 32 69.367 76.090
12 33 57.077 97.421
12 34 16.871 34.037
12 35 97.797 2.071
12 36 52.619 83.401
12 37 60.719 67.224
12 38 90.822 35.090
12 39 73.806 88.644
12 40 98.070 49.365
12 41 99.197 61.426
12 42 17.903 98.059
12 43 81.701 48.604
12 44 90.948 11.961
12 45 34.955 47.644
12 46 22.163 26.324
12 47 38.042 81.149
12 48 90.620 49.074
12 49 23.507 13.095
13 14 15.958 24.248
13 15 73.220 96.608
13 16 69.688 61.346
13 17 7.536 19.087
13 18 65.205 6.293
13 19 87.049 34.660
13 20 24.903 85.245
13 21 71.818 90.091
13 22 5.136 82.674
13 23 86.576 52.325
13 24 18.462 82.427
13 25 15.474 68.148
13 26 52.252 89.554
13 27 19.121 7.179
13 28 51.295 71.567
13 29 76.921 45.216
13 30 37.517 69.886
13 31 65.832 44.336
13 32 16.391 76.286
13 33 56.386 70.870
13 34 53.729 20.759
13 35 89.995 25.237
13 36 9.691 53.078
13 37 73.194 68.299
13 38 66.377 20.643
13 39 18.912 95.265
13 40 18.069 33.765
13 41 29.916 83.721
13 42 6.419 81.613
13 43 83.450 22.943
13 44 28.646 59.239
13 45 88.596 96.257
13 46 56.727 97.995
13 47 91.780 85.959
13 48 46.319 97.157
13 49 99.728 76.891
14 15 71.596 58.408
14 16 38.755 18.100
14 17 73.784 13.012
14 18 1.368 38.690
14 19 11.256 0.221
14 20 72.769 15.698
14 21 13.033 82.982
14 22 12.304 89.071
14 23 21.611 38.697
14 24 15.831 71.129
14 25 34.066 5.986
14 26 52.749 37.716
14 27 94.426 61.786
14 28 20.370 46.558
14 29 40.293 17.412
14 30 53.294 25.036
14 31 92.109 67.015
14 32 99.707 39.780
14 33 87.228 33.552
14 34 50.077 40.853
14 35 45.543 2.098
14 36 94.340 53.498
14 37 10.745 59.855
14 38 5.292 12.070
14 39 68.635 83.098
14 40 71.107 76.384
14 41 40.615 2.639
14 42 38.508 25.852
14 43 42.802 46.114
14 44 80.799 40.460
14 45 54.586 89.605
14 46 65.984 58.671
14 47 94.210 82.247
14 48 27.297 97.056
14 49 41.648 86.630
15 16 69.655 38.114
15 17 31.678 20.594
15 18 76.818 53.940
15 19 79.935 27.365
15 20 81.458 26.132
15 21 57.518 84.631
15 22 65.061 73.837
15 23 68.722 24.730
15 24 93.031 8.628
15 25 14.552 92.892
15 26 21.667 87.477
15 27 31.857 96.755
15 28 92.133 89.381
15 29 16.013 68.541
15 30 78.619 29.781
15 31 83.969 93.597
15 32 41.495 39.852
15 33 19.824 22.105
15 34 38.434 19.829
15 35 13.427 16.710
15 36 39.678 35.723
15 37 10.514 6.424
15 38 70.480 79.903
15 39 26.229 68.312
15 40 3.789 83.903
15 41 82.656 2.323
15 42 84.032 17.586
15 43 64.410 74.830
15 44 9.645 81.861
15 45 3.604 0.465
15 46 77.792 7.384
15 47 92.403 27.585
15 48 8.730 56.762
15 49 66.841 37.640
16 17 45.637 68.138
16 18 29.949 36.553
16 19 95.505 97.276
16 20 79.803 16.062
16 21 39.969 56.304
16 22 55.840 13.432
16 23 57.727 9.922
16 24 42.782 48.662
16 25 44.582 72.835
16 26 33.879 45.195
16 27 35.017 47.096
16 28 74.694 64.371
16 29 19.639 87.613
16 30 49.316 3.265
16 31 70.036 52.453
16 32 99.015 71.939
16 33 23.773 82.288
16 34 53.872 83.119
16 35 64.684 8.118
16 36 60.917 86.941
16 37 90.664 56.102
16 38 66.168 70.289
16 39 1.883 17.380
16 40 43.109 99.037
16 41 4.559 3.413
16 42 90.030 85.759
16 43 78.011 28.021
16 44 86.691 31.304
16 45 1.266 36.345
16 46 62.212 88.712
16 47 93.661 64.536
16 48 20.208 84.209
16 49 33.222 30.809
17 18 40.419 53.711
17 19 67.911 24.765
17 20 94.171 50.607
17 21 14.033 31.714
17 22 51.547 95.497
17 23 63.578 49.969
17 24 40.744 87.139
17 25 70.147 28.589
17 26 19.246 55.407
17 27 33.049 26.681
17 28 40.234 3.325
17 29 43.212 12.164
17 30 17.437 65.309
17 31 79.627 77.569
17 32 27.396 54.274
17 33 13.766 36.416
17 34 66.440 38.448
17 35 85.719 66.658
17 36 79.992 96.095
17 37 22.396 31.550
17 38 25.974 47.374
17 39 88.647 81.199
17 40 65.990 44.111
17 41 94.403 4.790
17 42 57.369 14.345
17 43 79.476 48.884
17 44 43.565 26.866
17 45 6.391 64.705
17 46 24.199 27.142
17 47 21.089 22.847
17 48 63.946 66.877
17 49 40.389 54.099
18 19 98.990 43.933
18 20 80.492 86.133
18 21 90.953 93.498
18 22 93.976 83.902
18 23 20.550 67.495
18 24 20.262 50.107
18 25 80.042 62.029
18 26 57.755 60.561
18 27 17.216 17.063
18 28 43.365 2.703
18 29 80.122 37.432
18 30 62.660 56.744
18 31 69.046 32.544
18 32 0.457 76.014
18 33 25.735 75.906
18 34 18.019 39.859
18 35 67.112 96.684
18 36 38.598 45.150
18 37 16.529 96.620
18 38 21.261 27.228
18 39 91.978 55.641
18 40 48.393 96.722
18 41 58.800 77.913
18 42 29.492 56.988
18 43 44.885 54.953
18 44 79.590 87.607
18 45 72.533 89.175
18 46 17.589 94.561
18 47 90.974 14.604
18 48 21.108 95.631
18 49 72.282 21.865
19 20 35.549 8.120
19 21 9.125 67.929
19 22 64.076 32.141
19 23 10.958 56.496
19 24 36.946 50.928
19 25 4.692 2.242
19 26 18.719 84.987
19 27 67.221 80.436
19 28 46.296 79.546
19 29 20.152 5.134
19 30 17.118 91.119
19 31 39.329 56.284
19 32 97.427 93.845
19 33 22.440 64.693
19 34 99.590 82.294
19 35 16.692 80.252
19 36 87.557 14.925
19 37 73.283 36.697
19 38 82.912 50.020
19 39 5.424 72.907
19 40 34.087 82.590
19 41 53.400 41.865
19 42 21.784 52.022
19 43 47.165 93.278
19 44 74.495 17.889
19 45 49.027 77.243
19 46 6.951 22.697
19 47 50.844 90.600
19 48 14.104 45.005
19 49 55.760 59.164
20 21 33.481 83.850
20 22 47.431 17.004
20 23 53.012 70.595
20 24 16.155 5.084
20 25 85.946 91.491
20 26 98.349 42.414
20 27 76.575 24.563
20 28 63.894 39.820
20 29 74.795 57.171
20 30 94.178 40.860
20 31 52.100 34.348
20 32 95.418 48.111
20 33 87.505 97.106
20 34 61.172 83.504
20 35 0.865 99.144
20 36 36.657 88.641
20 37 12.237 68.845
20 38 74.214 31.072
20 39 64.738 15.521
20 40 3.930 98.422
20 41 3.373 75.509
20 42 98.387 91.360
20 43 27.097 79.409
20 44 68.359 49.498
20 45 13.806 69.737
20 46 47.120 4.235
20 47 35.402 5.480
20 48 59.094 70.231
20 49 87.888 66.024
21 22 42.767 55.785
21 23 36.550 8.262
21 24 70.611 12.306
21 25 79.013 22.835
21 26 86.401 99.372
21 27 66.591 56.708
21 28 95.565 77.734
21 29 59.418 87.268
21 30 57.373 52.886
21 31 54.849 89.027
21 32 98.604 97.486
21 33 99.749 68.263
21 34 62.635 60.231
21 35 78.914 15.685
21 36 73.392 71.051
21 37 23.027 26.424
21 38 51.537 63.337
21 39 97.151 18.254
21 40 51.998 21.440
21 41 35.517 67.416
21 42 10.475 83.069
21 43 19.146 37.159
21 44 66.334 57.382
21 45 27.139 15.112
21 46 20.387 83.720
21 47 21.550 39.362
21 48 46.707 44.071
21 49 85.566 63.392
22 23 31.611 60.771
22 24 10.681 10.534
22 25 68.182 48.060
22 26 8.524 24.883
22 27 41.740 16.840
22 28 31.107 52.667
22 29 72.161 5.503
22 30 62.773 71.569
22 31 78.132 98.003
22 32 76.315 26.140
22 33 83.580 84.274
22 34 90.274 83.114
22 35 54.868 13.860
22 36 13.733 67.098
22 37 26.375 35.424
22 38 75.731 17.383
22 39 46.030 26.456
22 40 15.348 50.180
22 41 8.668 65.298
22 42 23.654 95.880
22 43 90.132 65.721
22 44 65.057 62.619
22 45 8.584 96.839
22 46 59.890 68.915
22 47 45.241 29.298
22 48 29.329 30.604
22 49 21.895 21.277
23 24 30.078 95.235
23 25 32.415 85.250
23 26 46.683 53.500
23 27 56.044 92.647
23 28 40.324 59.832
23 29 61.727 80.422
23 30 76.227 51.709
23 31 65.162 77.964
23 32 38.580 67.495
23 33 83.616 72.629
23 34 76.459 63.492
23 35 31.895 97.612
23 36 93.730 11.585
23 37 80.496 72.433
23 38 52.435 37.220
23 39 8.550 25.733
23 40 92.030 66.007
23 41 30.717 50.812
23 42 53.463 4.319
23 43 40.078 99.720
23 44 16.017 51.362
23 45 47.049 5.675
23 46 53.230 46.467
23 47 59.261 87.891
23 48 25.875 85.799
23 49 89.487 23.665
24 25 76.787 15.752
24 26 97.392 53.045
24 27 3.562 35.681
24 28 35.822 98.729
24 29 66.591 85.826
24 30 91.000 62.846
24 31 98.210 51.685
24 32 56.428 86.998
24 33 93.519 32.768
24 34 56.631 47.216
24 35 68.695 26.543
24 36 3.339 79.268
24 37 93.114 73.223
24 38 53.368 94.112
24 39 12.324 65.786
24 40 81.847 70.452
24 41 54.885 27.306
24 42 21.213 35.062
24 43 7.150 71.324
24 44 68.296 22.332
24 45 9.711 69.029
24 46 76.876 51.689
24 47 35.459 31.191
24 48 79.116 26.338
24 49 22.030 51.001
25 26 50.870 26.701
25 27 14.505 57.547
25 28 84.746 4.435
25 29 28.751 61.629
25 30 67.656 37.549
25 31 33.434 81.164
25 32 35.837 83.861
25 33 0.855 68.237
25 34 92.638 24.193
25 35 24.794 87.588
25 36 51.094 54.502
25 37 95.437 74.957
25 38 54.971 29.807
25 39 53.938 81.863
25 40 16.321 89.506
25 41 69.847 64.521
25 42 16.447 39.917
25 43 98.844 59.253
25 44 93.896 1.225
25 45 97.482 55.334
25 46 89.865 40.978
25 47 45.648 20.004
25 48 52.018 32.372
25 49 25.570 61.825
26 27 54.700 56.216
26 28 21.214 15.102
26 29 71.042 49.258
26 30 84.294 28.856
26 31 63.717 65.733
26 32 60.622 30.830
26 33 97.335 54.413
26 34 46.836 33.138
26 35 53.658 5.866
26 36 10.123 75.345
26 37 30.122 54.918
26 38 56.543 35.278
26 39 89.830 64.007
26 40 94.897 96.706
26 41 46.138 77.345
26 42 29.046 24.656
26 43 16.861 19.133
26 44 44.518 58.499
26 45 14.511 84.446
26 46 21.684 25.404
26 47 82.780 63.817
26 48 60.972 87.079
26 49 97.854 0.514
27 28 13.839 62.218
27 29 64.442 59.195
27 30 95.504 2.041
27 31 10.831 98.726
27 32 72.742 95.593
27 33 78.421 30.042
27 34 76.275 80.863
27 35 13.365 31.316
27 36 56.173 73.602
27 37 48.701 2.541
27 38 1.097 59.995
27 39 84.173 7.124
27 40 68.176 85.646
27 41 45.763 56.320
27 42 12.771 16.434
27 43 88.490 33.609
27 44 60.649 81.230
27 45 5.017 52.487
27 46 5.010 22.862
27 47 43.438 23.528
27 48 75.768 39.430
27 49 63.571 24.870
28 29 56.479 47.094
28 30 17.940 63.427
28 31 14.194 98.701
28 32 91.051 5.617
28 33 21.893 63.069
28 34 41.108 20.474
28 35 15.553 53.329
28 36 38.662 55.676
28 37 48.111 79.932
28 38 3.647 67.800
28 39 77.257 67.441
28 40 14.554 64.206
28 41 61.865 49.253
28 42 93.471 27.526
28 43 65.225 20.115
28 44 45.045 96.451
28 45 17.333 64.036
28 46 54.280 38.931
28 47 29.166 64.201
28 48 18.263 51.771
28 49 35.749 39.882
29 30 19.596 16.806
29 31 72.884 95.048
29 32 69.353 24.546
29 33 37.600 75.327
29 34 31.131 13.010
29 35 61.690 81.256
29 36 45.891 62.121
29 37 81.508 95.249
29 38 39.165 60.756
29 39 34.685 25.393
29 40 54.866 76.672
29 41 42.402 5.303
29 42 12.935 3.453
29 43 56.204 16.487
29 44 39.126 95.179
29 45 60.777 86.780
29 46 88.248 98.008
29 47 70.973 38.003
29 48 47.290 16.928
29 49 24.607 39.338
30 31 26.647 89.438
30 32 3.490 83.938
30 33 25.640 53.659
30 34 48.438 15.395
30 35 57.344 45.407
30 36 48.153 10.270
30 37 46.577 19.783
30 38 97.967 81.771
30 39 22.253 74.049
30 40 52.329 71.657
30 41 51.300 71.204
30 42 88.023 9.127
30 43 65.424 6.137
30 44 17.628 19.228
30 45 10.677 67.267
30 46 77.094 80.447
30 47 1.148 29.840
30 48 9.496 14.952
30 49 15.860 63.681
31 32 39.519 24.394
31 33 84.466 49.644
31 34 72.796 29.150
31 35 62.723 68.398
31 36 51.272 38.799
31 37 41.938 20.323
31 38 33.240 34.571
31 39 46.992 73.276
31 40 64.770 90.365
31 41 15.416 70.857
31 42 21.201 34.601
31 43 68.047 21.354
31 44 47.270 6.460
31 45 67.468 0.807
31 46 86.663 36.066
31 47 84.200 41.815
31 48 9.418 84.264
31 49 40.911 66.261
32 33 78.259 44.540
32 34 33.885 63.042
32 35 65.135 23.649
32 36 81.287 69.939
32 37 94.764 72.959
32 38 94.451 44.224
32 39 86.957 7.928
32 40 90.168 33.794
32 41 80.935 21.136
32 42 66.912 77.235
32 43 32.225 7.306
32 44 4.937 86.684
32 45 3.710 4.666
32 46 65.235 93.843
32 47 37.778 42.573
32 48 73.580 83.844
32 49 29.533 98.264
33 34 0.554 53.354
33 35 52.822 84.490
33 36 89.707 33.555
33 37 86.088 96.761
33 38 93.516 44.592
33 39 12.639 27.639
33 40 11.574 82.224
33 41 7.318 80.313
33 42 22.972 80.178
33 43 79.078 1.190
33 44 98.341 29.912
33 45 24.566 0.509
33 46 93.160 9.325
33 47 58.215 36.480
33 48 91.579 56.756
33 49 54.572 23.702
34 35 64.272 12.112
34 36 91.052 87.572
34 37 30.852 43.839
34 38 18.911 1.384
34 39 37.051 68.905
34 40 75.869 22.820
34 41 10.781 11.777
34 42 84.074 78.121
34 43 83.339 98.325
34 44 99.636 57.654
34 45 62.015 75.080
34 46 46.941 42.073
34 47 85.565 64.518
34 48 47.998 43.701
34 49 0.724 58.536
35 36 32.324 98.691
35 37 55.545 0.125
35 38 34.641 84.750
35 39 54.306 11.021
35 40 0.838 84.487
35 41 98.362 1.093
35 42 5.416 92.480
35 43 77.363 14.788
35 44 28.809 51.529
35 45 38.868 78.285
35 46 71.253 6.218
35 47 53.493 66.790
35 48 6.077 20.243
35 49 97.057 15.686
36 37 19.764 41.797
36 38 90.253 10.356
36 39 74.175 84.304
36 40 35.557 51.059
36 41 55.983 59.247
36 42 60.439 68.182
36 43 40.618 64.160
36 44 40.424 39.702
36 45 90.268 92.144
36 46 58.752 24.588
36 47 19.097 25.921
36 48 81.845 85.195
36 49 32.444 63.190
37 38 58.184 63.990
37 39 60.534 40.275
37 40 3.253 67.829
37 41 68.473 81.147
37 42 23.275 96.737
37 43 8.701 39.430
37 44 92.384 85.952
37 45 17.848 2.351
37 46 76.670 94.923
37 47 61.406 88.954
37 48 31.973 4.952
37 49 56.254 33.726
38 39 15.763 52.419
38 40 70.011 63.735
38 41 49.326 29.906
38 42 74.204 14.486
38 43 71.362 30.034
38 44 73.190 27.804
38 45 6.076 33.078
38 46 6.771 58.895
38 47 68.521 8.698
38 48 48.817 30.222
38 49 77.885 71.070
39 40 96.642 27.138
39 41 9.442 55.921
39 42 45.868 37.147
39 43 50.392 21.094
39 44 64.074 97.949
39 45 58.316 35.125
39 46 46.724 69.140
39 47 86.104 65.313
39 48 64.673 8.292
39 49 24.864 80.216
40 41 61.832 98.961
40 42 22.506 72.256
40 43 33.829 92.580
40 44 65.514 99.155
40 45 68.237 22.369
40 46 34.415 66.974
40 47 98.744 34.353
40 48 46.797 96.548
40 49 77.049 46.363
41 42 4.900 12.199
41 43 31.776 56.417
41 44 48.215 43.337
41 45 55.800 52.947
41 46 58.259 0.467
41 47 57.478 54.025
41 48 35.866 1.503
41 49 61.461 32.852
42 43 3.903 80.637
42 44 77.950 99.262
42 45 32.243 92.937
42 46 47.696 22.649
42 47 37.340 1.749
42 48 95.961 22.264
42 49 54.324 99.276
43 44 97.807 49.087
43 45 74.707 37.905
43 46 99.521 76.973
43 47 71.406 57.260
43 48 81.158 92.590
43 49 97.265 25.293
44 45 41.008 15.044
44 46 0.701 0.251
44 47 91.574 37.294
44 48 75.407 95.693
44 49 22.503 39.282
45 46 47.304 40.611
45 47 48.584 1.213
45 48 86.976 88.702
45 49 20.339 92.519
46 47 26.161 10.847
46 48 5.642 87.491
46 49 89.358 47.583
47 48 57.965 16.829
47 49 63.046 67.177
48 49 24.149 31.905
